function y = dsquash(x)
%     y = 1.71593428 * 2/3 * (1 - tanh(2/3 * x).^2);
    y = 1.143956186666667 * (1 - tanh(0.66666666666667*x).^2);
end