function y = squash(x)
    y = 1.71593428 * tanh(0.6666666666666666667 * x);
end